              precision    recall  f1-score   support

           0     0.5935    1.0000    0.7449        73
           1     0.7273    0.8889    0.8000        18
           2     0.3103    0.7500    0.4390        12
           3     0.8333    0.7143    0.7692         7
           4     0.7895    0.8333    0.8108        18
           5     1.0000    0.9524    0.9756        21
           6     0.7470    1.0000    0.8552        62
           7     0.7000    0.6667    0.6829        21
           8     0.0000    0.0000    0.0000         1
           9     0.0000    0.0000    0.0000         0
          10     0.9779    0.9500    0.9638       140
          11     0.8810    0.9250    0.9024        40
          12     0.9655    0.9655    0.9655       145
          13     0.8750    0.8750    0.8750         8
          14     0.7742    0.9057    0.8348        53
          15     0.8235    0.7778    0.8000        18
          16     0.9000    0.8710    0.8852        31
          17     0.0000    0.0000    0.0000         2
          18     0.8571    0.8000    0.8276        15
          19     0.7895    0.7895    0.7895        19
          20     1.0000    0.8333    0.9091         6
          21     1.0000    1.0000    1.0000         2
          22     0.0000    0.0000    0.0000         0
          23     0.0000    0.0000    0.0000         0
          24     0.0000    0.0000    0.0000         0
          25     1.0000    0.6000    0.7500         5
          26     0.9412    1.0000    0.9697        16
          27     0.7308    0.9500    0.8261        20
          28     0.9375    0.9091    0.9231        33

   micro avg     0.8205    0.9186    0.8667       786
   macro avg     0.6605    0.6882    0.6655       786
weighted avg     0.8481    0.9186    0.8742       786
 samples avg     0.2081    0.2079    0.2067       786
