              precision    recall  f1-score   support

         质量好     0.9587    0.9939    0.9760       327
         质量差     0.8868    0.9216    0.9038        51
         发货快     0.8699    1.0000    0.9304       107
         物流慢     0.6111    0.8462    0.7097        13
         包装好     0.9714    1.0000    0.9855        68
         包装差     0.9535    1.0000    0.9762        41
        性价比高     0.8625    0.9857    0.9200       140
         价格贵     0.8667    0.9286    0.8966        42
         客服好     0.5000    0.5000    0.5000         2
         客服差     0.0000    0.0000    0.0000         0
        正品放心     0.9962    0.9739    0.9849       268
        疑似假货     0.9595    0.9726    0.9660        73
        外观好看     0.9091    0.8333    0.8696        12
        外观一般     1.0000    0.9412    0.9697        17
         很耐用     0.9667    0.9062    0.9355        32
         容易坏     0.8718    0.8718    0.8718        39
         会回购     0.9565    0.9565    0.9565        46
         不推荐     0.9091    0.8333    0.8696        12

   micro avg     0.9329    0.9705    0.9514      1290
   macro avg     0.8361    0.8592    0.8457      1290
weighted avg     0.9363    0.9705    0.9522      1290
 samples avg     0.1777    0.1780    0.1776      1290


[category]
              precision    recall  f1-score   support

        内容不错     0.9259    0.9901    0.9569       101
        内容一般     0.7917    0.9500    0.8636        20
        尺码合适     0.0000    0.0000    0.0000         0
        尺码不准     1.0000    1.0000    1.0000         1
        面料不错     0.0000    0.0000    0.0000         0
         面料差     0.0000    0.0000    0.0000         0
        款式好看     1.0000    1.0000    1.0000         1
        款式一般     0.0000    0.0000    0.0000         0
         续航久     1.0000    1.0000    1.0000         1
         续航差     1.0000    0.6667    0.8000         3
        屏幕清晰     0.3333    1.0000    0.5000         3
         屏幕差     0.8000    1.0000    0.8889         4
        味道不错     1.0000    0.9804    0.9901        51
        味道一般     0.0000    0.0000    0.0000         0
         很新鲜     1.0000    0.5000    0.6667         2

   micro avg     0.8966    0.9733    0.9333       187
   macro avg     0.5901    0.6058    0.5777       187
weighted avg     0.9227    0.9733    0.9423       187
 samples avg     0.0314    0.0315    0.0314       187
