              precision    recall  f1-score   support

         质量好     0.5114    0.9632    0.6681       163
         质量差     0.5222    0.9216    0.6667        51
         发货快     0.2716    0.8800    0.4151        25
         物流慢     0.5455    0.5455    0.5455        11
         包装好     0.3247    0.8333    0.4673        30
         包装差     0.6182    0.8293    0.7083        41
        性价比高     0.7053    0.9710    0.8171       138
         价格贵     0.7027    0.6190    0.6582        42
         客服好     0.0870    1.0000    0.1600         2
         客服差     0.0000    0.0000    0.0000         0
        正品放心     0.9121    0.9492    0.9302       295
        疑似假货     0.5426    0.9589    0.6931        73
        外观好看     0.8725    0.9709    0.9191       275
        外观一般     0.7500    0.5000    0.6000        18
        内容不错     0.4471    0.8857    0.5942       105
        内容一般     0.6154    0.8000    0.6957        30
        味道不错     0.2456    0.7568    0.3709        74
        味道一般     0.0625    0.5000    0.1111         4
         很耐用     0.5714    0.8750    0.6914        32
         容易坏     0.4051    0.8205    0.5424        39
        尺码合适     0.8182    0.9000    0.8571        10
        尺码不准     0.1538    0.5000    0.2353         4
        面料不错     0.0000    0.0000    0.0000         0
         面料差     0.0000    0.0000    0.0000         0
         续航久     0.0000    0.0000    0.0000         1
         续航差     0.1111    0.2000    0.1429         5
         很新鲜     1.0000    0.7568    0.8615        37
         会回购     0.7460    0.9038    0.8174        52
         不推荐     0.4018    0.8491    0.5455        53

   micro avg     0.4961    0.8981    0.6391      1610
   macro avg     0.4463    0.6789    0.5074      1610
weighted avg     0.6654    0.8981    0.7451      1610
 samples avg     0.1873    0.2044    0.1915      1610
